float plat[] = {
	0, -0.00258, -0, 0.69, 0.69, 0.9999, 0.9999,
	1, -0.00258, 1, 0.69, 0.69, 0.0001, 0.0001,
	1, -0.00258, -0, 0.69, 0.69, 0.9999, 0.0001,
	0, -0.00258, -0, 0.69, 0.69, 0.9999, 0.9999,
	0, -0.00258, 1, 0.69, 0.69, 0.0001, 0.9999,
	1, -0.00258, 1, 0.69, 0.69, 0.0001, 0.0001,
	0, -0.00258, 1, 0.69, 0.69, 0, 0,
	0.1, -3.25742, 0.1, 0.0001, 0.0001, 0, 0,
	0.1, -3.25742, 0.900002, 0.0001, 0.0001, 0, 0,
	1, -0.00258, -0, 0.0001, 0.0001, 0, 0,
	0.900002, -3.25742, 0.1, 0.0001, 0.0001, 0, 0,
	0.849998, -3.25742, 0.1, 0.0001, 0.0001, 0, 0,
	1, -0.00258, 1, 0.0001, 0.0001, 0, 0,
	0.900002, -3.25742, 0.900002, 0.0001, 0.0001, 0, 0,
	0.900002, -3.25742, 0.15, 0.0001, 0.0001, 0, 0,
	0, -0.00258, 1, 0.0001, 0.0001, 0, 0,
	0.1, -3.25742, 0.900002, 0.0001, 0.0001, 0, 0,
	0.15, -3.25742, 0.900002, 0.0001, 0.0001, 0, 0,
	0.15, -3.25742, 0.849998, 0.0001, 0.0001, 0, 0,
	0.1, -3.25742, 0.1, 0.0001, 0.0001, 0, 0,
	0.15, -3.25742, 0.15, 0.0001, 0.0001, 0, 0,
	0.849998, -3.25742, 0.849998, 0.0001, 0.0001, 0, 0,
	0.15, -3.25742, 0.900002, 0.0001, 0.0001, 0, 0,
	0.15, -3.25742, 0.849998, 0.0001, 0.0001, 0, 0,
	0.900002, -3.25742, 0.15, 0.0001, 0.0001, 0, 0,
	0.849998, -3.25742, 0.1, 0.0001, 0.0001, 0, 0,
	0.900002, -3.25742, 0.1, 0.0001, 0.0001, 0, 0,
	0.849998, -3.25742, 0.900002, 0.0001, 0.0001, 0, 0,
	0.849998, -3.25742, 0.849998, 0.0001, 0.0001, 0, 0,
	0.900002, -3.25742, 0.900002, 0.0001, 0.0001, 0, 0,
	0.15, -3.25742, 0.15, 0.0001, 0.0001, 0, 0,
	0.849998, -3.25742, 0.1, 0.0001, 0.0001, 0, 0,
	0.849998, -3.25742, 0.15, 0.0001, 0.0001, 0, 0,
	0.15, -3.25742, 0.849998, 0.0001, 0.0001, 0, 0,
	0.15, -2.25742, 0.15, 0.0001, 0.0001, 0, 0,
	0.15, -2.25742, 0.849998, 0.0001, 0.0001, 0, 0,
	0.849998, -3.25742, 0.849998, 0.0001, 0.0001, 0, 0,
	0.15, -2.25742, 0.849998, 0.0001, 0.0001, 0, 0,
	0.849998, -2.25742, 0.849998, 0.0001, 0.0001, 0, 0,
	0.849998, -3.25742, 0.15, 0.0001, 0.0001, 0, 0,
	0.849998, -2.25742, 0.849998, 0.0001, 0.0001, 0, 0,
	0.849998, -2.25742, 0.15, 0.0001, 0.0001, 0, 0,
	0.15, -3.25742, 0.15, 0.0001, 0.0001, 0, 0,
	0.849998, -2.25742, 0.15, 0.0001, 0.0001, 0, 0,
	0.15, -2.25742, 0.15, 0.0001, 0.0001, 0, 0,
	0.15, -2.25742, 0.15, 0.0001, 0.0001, 0, 0,
	0.15, -0.25742, 0.849998, 0.0001, 0.0001, 0, 0,
	0.15, -2.25742, 0.849998, 0.0001, 0.0001, 0, 0,
	0.15, -2.25742, 0.849998, 0.0001, 0.0001, 0, 0,
	0.849998, -0.25742, 0.849998, 0.0001, 0.0001, 0, 0,
	0.849998, -2.25742, 0.849998, 0.0001, 0.0001, 0, 0,
	0.849998, -0.25742, 0.849998, 0.0001, 0.0001, 0, 0,
	0.849998, -2.25742, 0.15, 0.0001, 0.0001, 0, 0,
	0.849998, -2.25742, 0.849998, 0.0001, 0.0001, 0, 0,
	0.849998, -2.25742, 0.15, 0.0001, 0.0001, 0, 0,
	0.15, -0.25742, 0.15, 0.0001, 0.0001, 0, 0,
	0.15, -2.25742, 0.15, 0.0001, 0.0001, 0, 0,
	0, -0.00258, 1, 0.0001, 0.0001, 0, 0,
	0, -0.00258, -0, 0.0001, 0.0001, 0, 0,
	0.1, -3.25742, 0.1, 0.0001, 0.0001, 0, 0,
	0.15, -3.25742, 0.1, 0.0001, 0.0001, 0, 0,
	0.1, -3.25742, 0.1, 0.0001, 0.0001, 0, 0,
	0, -0.00258, -0, 0.0001, 0.0001, 0, 0,
	0, -0.00258, -0, 0.0001, 0.0001, 0, 0,
	1, -0.00258, -0, 0.0001, 0.0001, 0, 0,
	0.849998, -3.25742, 0.1, 0.0001, 0.0001, 0, 0,
	0.849998, -3.25742, 0.1, 0.0001, 0.0001, 0, 0,
	0.15, -3.25742, 0.1, 0.0001, 0.0001, 0, 0,
	0, -0.00258, -0, 0.0001, 0.0001, 0, 0,
	0.900002, -3.25742, 0.15, 0.0001, 0.0001, 0, 0,
	0.900002, -3.25742, 0.1, 0.0001, 0.0001, 0, 0,
	1, -0.00258, -0, 0.0001, 0.0001, 0, 0,
	1, -0.00258, -0, 0.0001, 0.0001, 0, 0,
	1, -0.00258, 1, 0.0001, 0.0001, 0, 0,
	0.900002, -3.25742, 0.15, 0.0001, 0.0001, 0, 0,
	0.849998, -3.25742, 0.900002, 0.0001, 0.0001, 0, 0,
	0.900002, -3.25742, 0.900002, 0.0001, 0.0001, 0, 0,
	1, -0.00258, 1, 0.0001, 0.0001, 0, 0,
	1, -0.00258, 1, 0.0001, 0.0001, 0, 0,
	0, -0.00258, 1, 0.0001, 0.0001, 0, 0,
	0.15, -3.25742, 0.900002, 0.0001, 0.0001, 0, 0,
	0.15, -3.25742, 0.900002, 0.0001, 0.0001, 0, 0,
	0.849998, -3.25742, 0.900002, 0.0001, 0.0001, 0, 0,
	1, -0.00258, 1, 0.0001, 0.0001, 0, 0,
	0.15, -3.25742, 0.1, 0.0001, 0.0001, 0, 0,
	0.15, -3.25742, 0.15, 0.0001, 0.0001, 0, 0,
	0.1, -3.25742, 0.1, 0.0001, 0.0001, 0, 0,
	0.15, -3.25742, 0.849998, 0.0001, 0.0001, 0, 0,
	0.15, -3.25742, 0.900002, 0.0001, 0.0001, 0, 0,
	0.1, -3.25742, 0.900002, 0.0001, 0.0001, 0, 0,
	0.1, -3.25742, 0.900002, 0.0001, 0.0001, 0, 0,
	0.1, -3.25742, 0.1, 0.0001, 0.0001, 0, 0,
	0.15, -3.25742, 0.849998, 0.0001, 0.0001, 0, 0,
	0.849998, -3.25742, 0.849998, 0.0001, 0.0001, 0, 0,
	0.849998, -3.25742, 0.900002, 0.0001, 0.0001, 0, 0,
	0.15, -3.25742, 0.900002, 0.0001, 0.0001, 0, 0,
	0.900002, -3.25742, 0.15, 0.0001, 0.0001, 0, 0,
	0.849998, -3.25742, 0.15, 0.0001, 0.0001, 0, 0,
	0.849998, -3.25742, 0.1, 0.0001, 0.0001, 0, 0,
	0.900002, -3.25742, 0.15, 0.0001, 0.0001, 0, 0,
	0.900002, -3.25742, 0.900002, 0.0001, 0.0001, 0, 0,
	0.849998, -3.25742, 0.849998, 0.0001, 0.0001, 0, 0,
	0.849998, -3.25742, 0.849998, 0.0001, 0.0001, 0, 0,
	0.849998, -3.25742, 0.15, 0.0001, 0.0001, 0, 0,
	0.900002, -3.25742, 0.15, 0.0001, 0.0001, 0, 0,
	0.15, -3.25742, 0.15, 0.0001, 0.0001, 0, 0,
	0.15, -3.25742, 0.1, 0.0001, 0.0001, 0, 0,
	0.849998, -3.25742, 0.1, 0.0001, 0.0001, 0, 0,
	0.15, -3.25742, 0.849998, 0.0001, 0.0001, 0, 0,
	0.15, -3.25742, 0.15, 0.0001, 0.0001, 0, 0,
	0.15, -2.25742, 0.15, 0.0001, 0.0001, 0, 0,
	0.849998, -3.25742, 0.849998, 0.0001, 0.0001, 0, 0,
	0.15, -3.25742, 0.849998, 0.0001, 0.0001, 0, 0,
	0.15, -2.25742, 0.849998, 0.0001, 0.0001, 0, 0,
	0.849998, -3.25742, 0.15, 0.0001, 0.0001, 0, 0,
	0.849998, -3.25742, 0.849998, 0.0001, 0.0001, 0, 0,
	0.849998, -2.25742, 0.849998, 0.0001, 0.0001, 0, 0,
	0.15, -3.25742, 0.15, 0.0001, 0.0001, 0, 0,
	0.849998, -3.25742, 0.15, 0.0001, 0.0001, 0, 0,
	0.849998, -2.25742, 0.15, 0.0001, 0.0001, 0, 0,
	0.15, -2.25742, 0.15, 0.0001, 0.0001, 0, 0,
	0.15, -0.25742, 0.15, 0.0001, 0.0001, 0, 0,
	0.15, -0.25742, 0.849998, 0.0001, 0.0001, 0, 0,
	0.15, -2.25742, 0.849998, 0.0001, 0.0001, 0, 0,
	0.15, -0.25742, 0.849998, 0.0001, 0.0001, 0, 0,
	0.849998, -0.25742, 0.849998, 0.0001, 0.0001, 0, 0,
	0.849998, -0.25742, 0.849998, 0.0001, 0.0001, 0, 0,
	0.849998, -0.25742, 0.15, 0.0001, 0.0001, 0, 0,
	0.849998, -2.25742, 0.15, 0.0001, 0.0001, 0, 0,
	0.849998, -2.25742, 0.15, 0.0001, 0.0001, 0, 0,
	0.849998, -0.25742, 0.15, 0.0001, 0.0001, 0, 0,
	0.15, -0.25742, 0.15, 0.0001, 0.0001, 0, 0,
	};
